000000000000000000000000000000000000000000000000000000000000000000000000000000000000000000000000000000000000000000000000000000000000000000000000000000000000000000000000000000000000000000000000000000000000000000000000000000000000000000000000000000000000000000000000000000000000000000000000000000000000000000000000000000000000000000000000000000000000000000000000000000000000000000000000000000000000000000000000000000000000000000000000000000000000000000000000000000000000000000000000000000000000000000000000000000000000000000000000000000000000000000000000000000000000000000000000000000000000000000000000000000000000000000000000000000000000000000000000000000000000000000000000000000000000000000000000000000000000000000000000000000000000000000000000000000000000000000000000000000000000000000000000000000000000000000000000000000000000000000000000000000000000000000000000000000

                            3012312321
                                q
                                    312AAAAAAAAAA
                                    321
                                    312
                                    31
                                    232
                                    13

                                        3
                                        13
                                        31
                                            3
                                            32
                                            13
                                            31
                                            3AAAAAAAAAA
                                            213
                                            21
                                            321
                                                21
                                                312AAAAAAAAAA
                                                231
                                                3
                                                312
                                                3
                                                    123
                                                    12
                                                        312312312       AAAAAAAAAA